M1 = 100;
K1 = 50;
b = 50;

M2 = 25;
k12 = 2500;